0.258178715714
-0.790324989143
-2.99209252605
-8.09908529655
-1.32657912156
4.18470395458
-7.68063534874
-8.43830635698
-2.61494183569
-9.32743243842
-6.15699249141
-0.572803090593
-7.10154360025
4.35671055427
3.23428556008
-1.36259173572
-1.07930227699
0.166630675162
0.561757455842
1.45756032851
-2.78355866335
-3.27045485064
-6.53467469687
-8.27763034882
-2.13327260322
6.08735774462
-9.7783862519
-5.33773564516
8.67701171836
-5.46404956629
5.7189394048
-1.78542346311
-7.61214449891
2.68740689973
7.24776372185
-6.83512681016
2.02370156163
-7.64785375337
2.5219671859
6.70249349284
