0.258178715714
-0.790324989143
-2.99209252605
-8.09908529655
-1.32657912156
4.18470395458
-7.68063534874
-8.43830635698
-2.61494183569
-9.32743243842
-6.15699249141
-0.572803090593
-7.10154360025
4.35671055427
3.23428556008
-1.36259173572
-1.07930227699
0.166630675162
0.561757455842
1.45756032851
-2.78355866335
-3.27045485064
-6.53467469687
-8.27763034882
-2.13327260322
6.08735774462
-9.7783862519
-5.33773564516
8.67701171836
-5.46404956629
5.7189394048
-1.78542346311
-7.61214449891
2.68740689973
7.24776372185
-6.83512681016
2.02370156163
-7.64785375337
2.5219671859
6.70249349284
8.22759644946
4.54000152991
-1.09976155141
-3.67221625917
-1.41968781994
0.781639403314
-3.58565730116
-8.7598669542
-8.67749385314
-2.42155851151
6.69102891401
7.97251970839
8.309569529
-3.82985797266
-1.83722939443
-1.24023145583
-0.515620772857
-0.971025284396
-1.50625006147
7.18822900327
0.0834025200036
-2.77145522309
2.62744335816
-6.78890465834
5.83638633182
-0.318511320761
-0.926224760777
-0.913202169725
-5.90879298908
8.86940249942
-4.07650021056
4.12595704565
-8.26094467299
7.58897045325
-1.94173094128
1.19088160259
-5.01220778922
4.31816039301
-1.04634734088
3.12596098207
8.14758959915
6.26004233113
-2.80644320493
-4.08711826776
-1.08889181812
0.268820373483
-2.03933227499
-8.05258979819
-9.05102463039
-3.80870269259
3.7768782493
6.15330815005
7.93969184949
-2.81255989743
-2.0892876322
-0.623205425228
-1.85785651358
-1.59222978207
-0.727993141103
-0.788656802151
-0.273136608633
-0.161379563343
-0.318900586302
-0.84803909321
-1.2464916828
-1.43123586539
-2.51598634529
-3.43801518986
-5.02852377862
-6.54071421454
-7.65513895823
-8.09835646055
-6.63742370518
-4.8855991462
-6.83298292288
-9.99908419491
-9.82647366886
-9.98084105588
-5.14665510101
4.19999130733
